opt/platerecognition/Good/1.bmp 10 45 411 82 421 336 355 365 364 562 369 592 376 576 242 599 248 440 273 464 281 212 199 234 203 56 252 77 256 40 162 58 168 166 118 183 124 334 175 348 180
opt/platerecognition/Good/2.bmp 8 78 369 114 377 314 350 344 359 498 309 525 316 547 245 570 253 202 268 227 274 341 184 360 190 444 160 461 165 221 180 241 185
opt/platerecognition/Good/3.bmp 9 95 398 130 408 331 332 362 342 443 277 469 285 566 248 588 254 430 166 448 173 29 172 51 177 185 139 202 144 238 97 252 101 334 96 345 99
opt/platerecognition/Good/4.bmp 8 84 364 117 372 245 257 270 263 444 275 467 281 505 205 523 211 194 153 213 159 146 108 160 113 242 98 256 101 434 465 472 474
opt/platerecognition/Good/6.bmp 5 374 416 415 425 598 397 632 407 392 223 413 231 203 185 225 191 307 157 326 163
opt/platerecognition/Good/7.bmp 10 149 441 190 453 372 377 406 387 505 332 533 339 609 285 633 292 350 199 373 204 206 179 228 184 91 281 120 286 280 138 299 142 152 104 166 108 405 141 422 146
opt/platerecognition/Good/7.bmp 10 577 400 609 408 271 276 298 284 66 286 96 293 124 209 145 214 365 214 387 219 536 232 555 238 414 145 432 148 178 161 192 165 260 122 275 127 37 121 56 125
opt/platerecognition/Good/8.bmp 9 117 427 155 436 347 385 379 396 498 198 517 202 200 206 221 212 3 243 28 250 41 166 59 171 171 149 187 152 364 130 377 133 249 109 263 113
opt/platerecognition/Good/9.bmp 13 106 447 142 457 356 423 394 432 463 289 492 298 527 240 548 245 285 290 312 296 57 241 82 246 234 205 256 211 353 199 375 205 437 155 455 160 359 116 373 120 292 125 308 130 181 140 198 144 70 105 85 108
opt/platerecognition/Good/10.bmp 6 104 346 141 353 386 230 409 237 230 211 253 217 289 148 309 154 157 118 176 124 597 403 626 413
opt/platerecognition/Good/11.bmp 8 550 376 580 385 518 220 538 225 355 204 374 210 262 264 285 269 62 269 90 276 170 153 187 159 257 118 272 123 406 139 421 143
opt/platerecognition/Good/12.bmp 8 142 464 181 470 114 333 144 340 279 281 310 286 401 234 420 240 226 197 248 205 152 127 168 131 276 128 293 134 367 108 383 111
opt/platerecognition/Good/13.bmp 4 383 451 422 459 547 359 577 367 589 255 608 262 32 152 56 161
opt/platerecognition/Good/14.bmp 10 104 281 133 289 420 453 460 462 497 307 525 315 515 208 540 215 356 199 375 208 272 244 298 249 199 172 217 177 395 131 414 135 44 144 63 150 152 120 168 126
opt/platerecognition/Good/15.bmp 7 104 290 130 297 384 405 416 413 269 233 294 236 396 231 415 235 450 169 469 176 186 145 203 151 42 98 61 103
opt/platerecognition/Good/16.bmp 10 118 370 153 377 353 361 384 368 587 366 621 376 598 255 620 262 418 256 440 264 334 184 352 188 233 185 253 189 434 150 452 156 358 105 373 110 271 107 287 110
opt/platerecognition/Good/17.bmp 7 118 434 157 445 383 416 420 425 547 230 573 238 428 241 450 248 239 230 261 236 25 179 44 185 457 166 474 170
opt/platerecognition/Good/18.bmp 9 65 412 103 421 285 314 313 322 554 240 578 246 379 221 399 229 31 193 55 198 166 136 185 143 393 136 409 141 496 182 515 188 256 109 272 114
opt/platerecognition/Good/19.bmp 11 135 400 170 409 327 348 360 356 525 327 551 336 616 279 641 286 374 213 394 218 220 231 243 239 67 225 92 231 488 190 503 193 315 147 332 154 389 133 406 136 37 129 53 134
opt/platerecognition/Good/20.bmp 9 105 386 141 397 341 365 371 375 492 294 520 302 481 186 502 190 260 235 285 243 331 167 353 175 394 130 412 133 56 148 76 155 66 266 91 273
opt/platerecognition/Good/21.bmp 7 140 419 178 431 350 358 383 367 492 301 522 309 549 231 573 238 241 220 264 230 354 201 377 207 453 171 471 177
opt/platerecognition/Good/23.bmp 7 344 363 377 373 450 279 475 288 600 264 622 272 476 177 494 183 335 177 355 183 197 170 216 177 67 183 87 188
opt/platerecognition/Good/24.bmp 6 121 389 158 400 270 268 298 277 414 245 440 256 472 179 490 186 340 184 359 191 19 195 45 201
opt/platerecognition/Good/25.bmp 8 119 365 155 375 551 370 583 380 530 215 555 224 400 230 425 238 240 220 264 229 415 150 431 156 296 148 315 156 167 130 192 138
opt/platerecognition/Good/26.bmp 5 57 378 95 390 296 294 327 304 485 317 511 324 542 227 565 233 428 152 447 158
opt/platerecognition/Good/27.bmp 8 93 349 126 357 111 231 138 239 282 267 305 276 415 239 435 244 565 237 589 243 326 170 345 176 433 152 449 157 53 136 71 142
opt/platerecognition/Good/28.bmp 7 157 436 196 444 514 333 545 344 253 255 279 262 404 228 427 237 522 208 544 218 185 146 207 151 299 144 320 150
opt/platerecognition/Good/29.bmp 7 140 413 179 423 395 394 429 404 479 297 508 307 231 235 259 242 336 175 358 182 194 154 216 161 14 245 43 252
opt/platerecognition/Good/30.bmp 8 530 223 556 232 564 368 597 379 390 418 427 429 248 230 275 238 416 244 441 252 328 170 350 177 428 144 447 149 89 230 115 238
opt/platerecognition/Good/31.bmp 8 216 414 250 426 282 289 308 297 560 361 592 371 495 192 517 199 364 212 382 219 205 181 227 186 310 158 329 165 54 166 77 171
opt/platerecognition/Good/32.bmp 9 89 289 120 299 281 283 310 293 472 308 498 315 612 266 635 273 401 232 422 238 213 179 232 186 290 140 307 146 445 164 462 169 158 140 175 145
opt/platerecognition/Good/33.bmp 6 75 258 99 267 304 314 331 326 406 232 430 240 595 262 620 269 234 216 261 223 303 150 325 157
opt/platerecognition/Good/34.bmp 6 435 447 476 462 468 287 500 301 563 242 584 250 259 271 288 279 94 275 123 285 342 181 366 191
opt/platerecognition/Good/35.bmp 7 137 384 172 394 553 363 588 373 549 224 571 232 274 262 304 268 61 234 87 241 42 145 59 151 401 235 420 244
opt/platerecognition/Good/36.bmp 8 121 416 161 427 570 379 601 389 252 233 275 240 455 263 479 271 571 239 591 247 339 167 355 173 70 205 95 211 155 119 170 124
opt/platerecognition/Good/37.bmp 8 140 438 182 450 394 413 431 424 457 285 486 294 343 195 366 201 78 216 102 223 213 185 235 191 418 150 436 157 532 218 552 228
opt/platerecognition/Good/38.bmp 8 161 440 201 451 493 318 522 330 549 237 572 244 294 296 322 305 371 205 390 211 76 192 97 199 188 154 205 159 461 182 479 188
opt/platerecognition/Good/39.bmp 9 66 432 107 443 354 376 385 385 485 302 514 312 491 196 512 204 355 184 375 192 243 193 265 200 90 262 119 271 30 160 50 167 173 139 191 146
opt/platerecognition/Good/40.bmp 8 94 435 133 449 281 293 310 302 428 259 453 267 558 226 581 233 216 194 243 202 78 253 107 260 27 149 47 155 466 469 507 482
opt/platerecognition/Good/41.bmp 9 137 418 176 429 401 458 440 469 592 395 627 407 288 291 319 300 451 256 477 267 349 183 370 191 190 188 212 196 46 231 78 242 434 171 457 180
opt/platerecognition/Good/42.bmp 7 30 328 66 338 382 448 424 459 425 265 451 274 546 213 570 222 223 222 248 234 418 144 434 151 287 141 308 149
opt/platerecognition/Good/43.bmp 8 145 440 186 452 513 340 543 350 517 210 536 219 388 237 415 247 284 295 316 304 53 220 78 229 435 155 450 160 87 125 106 131
opt/platerecognition/Good/44.bmp 6 605 265 629 275 494 324 529 335 351 358 384 369 140 303 170 315 376 201 398 209 50 141 67 147
opt/platerecognition/Good/45.bmp 6 530 327 562 336 610 279 639 287 498 219 523 227 328 177 348 187 212 178 233 185 70 241 97 249
opt/platerecognition/Good/46.bmp 6 411 421 447 434 556 374 591 386 93 263 120 273 274 239 297 246 365 203 389 214 189 150 213 159
opt/platerecognition/Good/47.bmp 5 405 432 447 447 545 236 572 244 37 290 68 298 47 195 73 203 461 176 479 183
opt/platerecognition/Good/48.bmp 7 137 428 177 438 544 373 578 384 573 250 598 261 391 226 414 234 257 278 290 285 68 242 97 250 481 189 502 197
opt/platerecognition/Good/49.bmp 6 548 347 577 357 320 353 351 360 206 180 228 186 362 208 385 217 416 150 441 156 491 203 513 212
opt/platerecognition/Good/50.bmp 5 570 376 603 387 348 348 380 355 517 213 542 222 328 179 348 186 418 146 436 152
opt/platerecognition/Good/51.bmp 5 83 424 127 438 468 289 496 300 508 203 531 213 242 202 264 210 408 142 426 150
opt/platerecognition/Good/52.bmp 6 557 227 580 236 522 331 553 342 245 256 275 264 141 332 174 343 414 146 432 154 367 210 389 217
opt/platerecognition/Good/53.bmp 7 581 253 603 261 472 320 502 333 340 368 378 379 351 186 375 195 471 179 491 183 181 179 202 187 42 157 64 162
opt/platerecognition/Good/54.bmp 6 488 311 519 320 68 273 99 283 176 218 197 225 337 192 361 200 445 160 465 167 590 268 617 276
opt/platerecognition/Good/55.bmp 6 244 230 271 237 373 431 410 442 88 379 123 389 93 187 115 194 160 121 181 127 378 222 401 232
opt/platerecognition/Good/56.bmp 6 558 366 594 379 412 441 449 451 130 401 168 409 230 221 255 229 364 201 384 208 54 177 78 184
opt/platerecognition/Good/57.bmp 5 93 327 124 337 358 386 394 397 562 242 590 249 383 220 406 226 444 165 463 174
opt/platerecognition/Good/58.bmp 3 347 434 387 448 509 210 534 218 401 136 422 144
opt/platerecognition/Good/59.bmp 3 426 447 464 459 596 258 623 267 164 305 198 317
opt/platerecognition/Good/60.bmp 6 577 255 605 265 485 311 516 321 331 369 364 379 89 297 122 306 258 235 287 248 371 209 396 218
opt/platerecognition/Good/61.bmp 6 410 427 450 440 513 327 541 335 542 219 559 225 320 192 339 198 195 231 220 237 431 156 452 162
opt/platerecognition/Good/62.bmp 7 573 246 601 254 551 364 584 374 350 415 389 425 432 230 454 238 383 118 401 125 283 125 299 132 72 134 92 140
opt/platerecognition/Good/63.bmp 4 596 256 622 267 437 257 461 266 161 296 194 304 176 137 194 146
opt/platerecognition/Good/64.bmp 5 224 202 247 211 351 177 373 184 537 212 556 220 73 276 101 282 58 164 80 172
opt/platerecognition/Good/65.bmp 6 509 308 538 317 308 317 338 327 153 348 187 359 217 211 244 217 366 187 388 194 35 146 58 152
opt/platerecognition/Good/66.bmp 6 522 214 544 220 529 319 558 329 304 321 335 330 89 290 119 297 336 179 359 185 161 146 182 153
opt/platerecognition/Good/67.bmp 4 568 370 601 380 229 239 256 248 73 253 102 260 390 217 415 227
opt/platerecognition/Good/68.bmp 4 554 239 581 246 485 300 514 310 293 322 323 332 132 423 172 434
opt/platerecognition/Good/69.bmp 4 136 403 175 413 279 294 306 305 486 274 509 283 58 210 83 217
opt/platerecognition/Good/70.bmp 6 133 442 175 453 258 267 286 277 401 237 426 246 517 204 540 210 51 208 82 218 300 158 320 166
opt/platerecognition/Good/71.bmp 5 578 392 615 406 101 330 135 338 432 253 459 262 460 177 482 188 305 143 328 151
opt/platerecognition/Good/72.bmp 5 412 451 450 464 511 313 541 322 261 265 292 274 141 330 171 342 317 161 339 170
opt/platerecognition/Good/73.bmp 5 535 231 561 239 568 370 603 381 255 262 283 271 54 344 90 357 165 186 187 194
opt/platerecognition/Good/74.bmp 6 323 287 351 295 390 437 430 449 454 170 473 177 216 216 243 223 591 264 615 271 53 145 75 153
opt/platerecognition/Good/75.bmp 6 375 448 413 458 109 328 140 338 264 241 289 249 523 206 543 214 361 199 384 205 398 140 415 146
opt/platerecognition/Good/76.bmp 4 582 259 605 266 430 262 456 270 331 348 365 355 200 159 217 166
opt/platerecognition/Good/77.bmp 7 450 178 469 185 483 310 510 320 367 422 405 432 293 288 322 297 63 255 87 267 205 175 225 182 351 192 373 198
opt/platerecognition/Good/78.bmp 7 465 273 494 281 424 444 464 454 63 306 94 314 262 236 287 246 361 192 383 200 34 180 57 189 458 173 480 179
opt/platerecognition/Good/79.bmp 7 152 427 192 435 318 365 354 376 494 310 525 319 520 219 544 228 380 214 402 220 189 171 208 178 22 213 49 221
opt/platerecognition/Good/80.bmp 5 65 458 107 471 216 306 248 316 536 343 566 353 564 241 590 247 397 212 418 219
opt/platerecognition/Good/81.bmp 5 595 254 616 262 424 259 454 269 66 263 102 272 187 171 212 179 284 140 304 147
opt/platerecognition/Good/82.bmp 5 385 433 426 444 422 264 456 273 205 235 236 243 330 169 349 177 54 137 77 142
opt/platerecognition/Good/83.bmp 6 571 254 597 264 462 287 492 297 149 312 184 321 222 204 252 213 442 171 460 176 331 195 355 202
opt/platerecognition/Good/84.bmp 5 574 255 599 264 443 295 476 306 323 342 358 354 491 184 511 192 203 214 228 223
opt/platerecognition/Good/85.bmp 6 358 444 399 455 509 380 546 395 297 294 330 306 434 268 461 277 353 195 373 202 181 172 202 179
opt/platerecognition/Good/86.bmp 7 102 347 137 360 300 362 337 374 554 364 586 376 592 274 619 282 408 260 437 272 478 178 500 185 59 189 84 200
opt/platerecognition/Good/87.bmp 7 115 392 152 401 282 296 309 306 393 220 415 230 388 461 428 476 63 198 89 207 208 200 232 208 296 146 316 153
opt/platerecognition/Good/88.bmp 4 562 239 586 249 582 391 618 406 429 246 455 253 105 304 133 313
opt/platerecognition/Good/89.bmp 7 100 341 133 350 241 224 266 233 421 251 446 262 577 371 611 380 604 259 627 268 485 184 508 192 52 186 75 194
opt/platerecognition/Good/90.bmp 4 104 401 146 410 383 425 422 437 49 173 76 180 377 207 400 216
opt/platerecognition/Good/91.bmp 5 116 413 156 423 513 326 541 333 538 221 559 228 225 231 249 240 327 168 346 174
opt/platerecognition/Good/92.bmp 5 359 432 399 445 237 269 267 278 444 266 470 278 492 197 510 206 317 171 333 177
opt/platerecognition/Good/93.bmp 5 101 366 138 376 387 438 426 451 495 330 525 343 240 224 268 233 381 234 411 242
opt/platerecognition/Good/94.bmp 5 143 364 180 371 382 414 422 425 501 333 530 342 382 227 407 234 218 185 244 192
opt/platerecognition/Good/95.bmp 5 112 413 149 423 106 280 136 289 330 328 362 340 502 329 532 341 385 216 410 227
opt/platerecognition/Good/96.bmp 6 280 421 317 432 532 343 567 358 594 267 621 276 491 192 511 200 339 185 364 193 59 187 79 194
opt/platerecognition/Good/97.bmp 3 135 420 176 434 184 190 209 199 577 248 603 256
opt/platerecognition/Good/98.bmp 8 103 443 145 454 280 337 314 351 558 368 589 380 543 225 567 235 439 285 468 298 49 231 80 241 149 191 174 203 337 193 362 205
opt/platerecognition/Good/99.bmp 6 126 466 168 475 541 374 573 385 157 306 187 316 363 245 393 256 609 264 634 275 476 193 497 200
opt/platerecognition/Good/100.bmp 4 319 441 361 451 21 247 54 256 476 278 507 289 332 179 356 187
